C BB 00 01 03 1D 00 00 64 01 5D 00 04 80 00 00 00 00 00 00 00 00 00 00 00 00 00 00 00 00 00 00 00 00 80 98 (on, 65?)
C BB 00 01 03 1D 00 00 64 01 5D 00 00 80 00 00 00 00 00 00 00 00 00 00 00 00 00 00 00 00 00 00 00 00 80 9C (on, 64)

C BB 00 01 03 1D 00 00 64 01 5E 00 00 80 00 00 00 00 00 00 00 00 00 00 00 00 00 00 00 00 00 00 00 00 80 9F (on, 63)
C BB 00 01 03 1D 00 00 60 01 5E 00 00 80 00 00 00 00 00 00 00 00 00 00 00 00 00 00 00 00 00 00 00 00 80 9B (off, 63)

C BB 00 01 03 1D 00 00 64 01 5E 00 00 80 00 00 00 00 00 00 00 00 00 00 00 00 00 00 00 00 00 00 00 00 80 9F (on, 63) 17.22222

C BB 00 01 03 1D 00 00 64 01 5D 00 00 80 00 00 00 00 00 00 00 00 00 00 00 00 00 00 00 00 00 00 00 00 80 9C (on, 64) 17.77778

C BB 00 01 03 1D 00 00 64 01 5D 00 04 80 00 00 00 00 00 00 00 00 00 00 00 00 00 00 00 00 00 00 00 00 80 98 (on, 65) 18.33333

C BB 00 01 03 1D 00 00 64 01 5C 00 00 80 00 00 00 00 00 00 00 00 00 00 00 00 00 00 00 00 00 00 00 00 80 9D (on, 66) 18.88889

C BB 00 01 03 1D 00 00 64 01 5C 00 04 80 00 00 00 00 00 00 00 00 00 00 00 00 00 00 00 00 00 00 00 00 80 99 (on, 67) 19.44444

C BB 00 01 03 1D 00 00 64 01 5B 00 00 80 00 00 00 00 00 00 00 00 00 00 00 00 00 00 00 00 00 00 00 00 80 9A (on, 68) 20

C BB 00 01 03 1D 00 00 64 01 5B 00 04 80 00 00 00 00 00 00 00 00 00 00 00 00 00 00 00 00 00 00 00 00 80 9E (on, 69) 20.55556

C BB 00 01 03 1D 00 00 64 01 5A 00 00 80 00 00 00 00 00 00 00 00 00 00 00 00 00 00 00 00 00 00 00 00 80 9B (on, 70) 21.11111


A bb 01 00 04 37 04 00 34 80 00 80 00 00 00 00 00 00 61 0b 88 00 00 00 00 00 00 00 00 00 00 64 ff 40 00 3c 24 24 28 13 00 80 00 00 00 00 f0 00 00 00 44 40 00 00 00 00 1a 00 00 00 00 e9 (61)
A bb 01 00 03 37 04 00 34 80 01 80 00 00 00 00 00 00 61 0b 88 00 00 00 00 00 00 00 00 00 00 64 ff 40 00 00 23 23 28 20 2a ca 00 00 00 00 ef 01 00 00 44 40 00 00 00 00 1a 00 00 00 00 9e (62)
A bb 01 00 03 37 04 00 34 81 00 80 00 00 00 00 00 00 61 0b 88 00 00 00 00 00 00 00 00 00 00 69 ff 40 00 00 23 1f 2c 57 2a ca 00 00 00 00 ef 01 00 00 44 40 00 00 00 00 1a 00 00 00 00 dc (63)
A BB 01 00 03 37 04 00 34 82 01 80 00 00 00 00 00 00 64 23 88 00 00 00 00 00 00 00 00 00 00 7F FF 40 00 55 21 1D 37 41 18 CA 00 00 00 00 EF 01 00 00 44 40 00 00 00 00 1A 00 00 00 00 8F (65)
A BB 01 00 03 37 04 00 34 83 00 80 00 00 00 00 00 00 64 23 88 00 00 00 00 00 00 00 00 00 00 7F FF 40 00 55 21 1D 37 41 18 CA 00 00 00 00 EF 01 00 00 44 40 00 00 00 00 1A 00 00 00 00 8F (66)
A BB 01 00 03 37 04 00 34 83 01 80 00 00 00 00 00 00 61 2B 88 00 00 00 00 00 00 00 00 00 00 7F FF 40 00 62 21 1D 37 41 18 CA 00 00 00 00 EF 01 00 00 44 40 00 00 00 00 1A 00 00 00 00 B4 (67)
A BB 01 00 03 37 04 00 34 84 00 80 00 00 00 00 00 00 64 23 88 00 00 00 00 00 00 00 00 00 00 7F FF 40 00 62 21 1D 37 41 18 CA 00 00 00 00 EF 01 00 00 44 40 00 00 00 00 1A 00 00 00 00 BF (68)
A BB 01 00 03 37 04 00 34 84 01 80 00 00 00 00 00 00 64 23 88 00 00 00 00 00 00 00 00 00 00 7F FF 40 00 62 21 1D 37 41 18 CA 00 00 00 00 EF 01 00 00 44 40 00 00 00 00 1A 00 00 00 00 BE (69)
A BB 01 00 03 37 04 00 34 85 00 80 00 00 00 00 00 00 64 23 88 00 00 00 00 00 00 00 00 00 00 7F FF 40 00 62 21 1D 37 41 18 CA 00 00 00 00 EF 01 00 00 44 40 00 00 00 00 1A 00 00 00 00 BE (70)
A bb 01 00 03 37 04 00 34 8a 01 80 00 00 00 00 00 00 64 23 88 00 00 00 00 00 00 00 00 00 00 70 ff 40 00 00 23 1f 2f 57 2a ca 00 00 00 00 ef 01 00 00 44 40 00 00 00 00 1a 00 00 00 00 e1 (80)

C BB 00 01 03 1D 00 00 64 01 5A 00 04 80 00 00 00 00 00 00 00 00 00 00 00 00 00 00 00 00 00 00 00 00 80 9F (on, 71) 21.66667

C BB 00 01 03 1D 00 00 64 01 59 00 00 80 00 00 00 00 00 00 00 00 00 00 00 00 00 00 00 00 00 00 00 00 80 98 (on, 72) 22.22222

C BB 00 01 03 1D 00 00 64 01 58 00 00 80 00 00 00 00 00 00 00 00 00 00 00 00 00 00 00 00 00 00 00 00 80 99 (on, 73) 22.77778

C BB 00 01 03 1D 00 00 64 01 58 00 04 80 00 00 00 00 00 00 00 00 00 00 00 00 00 00 00 00 00 00 00 00 80 9D (on, 74?) 23.33333


C BB 00 01 03 1D 00 00 64 03 5E 00 00 80 00 00 00 00 00 00 00 00 00 00 00 00 00 00 00 00 00 00 00 00 80 9D (cool, 63)
C BB 00 01 03 1D 00 00 64 01 5E 00 00 80 00 00 00 00 00 00 00 00 00 00 00 00 00 00 00 00 00 00 00 00 80 9F (heat, 63)
C BB 00 01 03 1D 00 00 64 02 5C 00 00 80 00 00 00 00 00 00 00 00 00 00 00 00 00 00 00 00 00 00 00 00 80 9E (dehumidify, 64 (can't change))
C BB 00 01 03 1D 00 00 64 07 55 05 00 80 00 00 00 00 00 00 00 00 00 00 00 00 00 00 00 00 00 00 00 00 80 97 (fan, 79 (can't change))
C BB 00 01 03 1D 00 00 64 08 5E 00 00 80 00 00 00 00 00 00 00 00 00 00 00 00 00 00 00 00 00 00 00 00 80 96 (auto, 63)

C BB 00 01 03 1D 00 00 64 41 5E 05 00 80 00 00 00 00 00 00 00 00 00 00 00 00 00 00 00 00 00 00 00 00 80 DA (strong wind)
C BB 00 01 03 1D 00 00 64 01 5E 05 00 80 00 00 00 00 00 00 00 00 00 00 00 00 00 00 00 00 00 00 00 00 80 9A (high)
C BB 00 01 03 1D 00 00 64 01 5E 07 00 80 00 00 00 00 00 00 00 00 00 00 00 00 00 00 00 00 00 00 00 00 80 98 (mid-high)
C BB 00 01 03 1D 00 00 64 01 5E 03 00 80 00 00 00 00 00 00 00 00 00 00 00 00 00 00 00 00 00 00 00 00 80 9C (medium)
C BB 00 01 03 1D 00 00 64 01 5E 06 00 80 00 00 00 00 00 00 00 00 00 00 00 00 00 00 00 00 00 00 00 00 80 99 (mid-low)
C BB 00 01 03 1D 00 00 64 01 5E 02 00 80 00 00 00 00 00 00 00 00 00 00 00 00 00 00 00 00 00 00 00 00 80 9D (low)
C BB 00 01 03 1D 00 00 64 81 5E 02 00 80 00 00 00 00 00 00 00 00 00 00 00 00 00 00 00 00 00 00 00 00 80 1D (mute)
C BB 00 01 03 1D 00 00 64 01 5E 00 00 80 00 00 00 00 00 00 00 00 00 00 00 00 00 00 00 00 00 00 00 00 80 9F (auto)

C BB 00 01 03 1D 00 00 64 01 5E 38 00 80 00 00 00 00 00 00 00 00 00 00 00 00 00 00 00 00 00 00 00 08 80 AF (up-down flow)
C BB 00 01 03 1D 00 00 64 01 5E 38 00 80 00 00 00 00 00 00 00 00 00 00 00 00 00 00 00 00 00 00 00 10 80 B7 (up flow)
C BB 00 01 03 1D 00 00 64 01 5E 38 00 80 00 00 00 00 00 00 00 00 00 00 00 00 00 00 00 00 00 00 00 18 80 BF (down flow)
C BB 00 01 03 1D 00 00 64 01 5E 00 00 80 00 00 00 00 00 00 00 00 00 00 00 00 00 00 00 00 00 00 00 01 80 9E (top fix)
C BB 00 01 03 1D 00 00 64 01 5E 00 00 80 00 00 00 00 00 00 00 00 00 00 00 00 00 00 00 00 00 00 00 02 80 9D (upper fix)
C BB 00 01 03 1D 00 00 64 01 5E 00 00 80 00 00 00 00 00 00 00 00 00 00 00 00 00 00 00 00 00 00 00 03 80 9C (middle fix)
C BB 00 01 03 1D 00 00 64 01 5E 00 00 80 00 00 00 00 00 00 00 00 00 00 00 00 00 00 00 00 00 00 00 04 80 9B (above down fix)
C BB 00 01 03 1D 00 00 64 01 5E 00 00 80 00 00 00 00 00 00 00 00 00 00 00 00 00 00 00 00 00 00 00 05 80 9A (bottom fix)

C BB 00 01 03 1D 00 00 64 11 5E 00 08 80 00 00 00 00 00 00 00 00 00 00 00 00 00 00 00 00 00 00 00 00 88 8F (left-right flow)
C BB 00 01 03 1D 00 00 64 11 5E 00 08 80 00 00 00 00 00 00 00 00 00 00 00 00 00 00 00 00 00 00 00 00 90 97 (left flow)
C BB 00 01 03 1D 00 00 64 11 5E 00 08 80 00 00 00 00 00 00 00 00 00 00 00 00 00 00 00 00 00 00 00 00 98 9F (middle flow)
C BB 00 01 03 1D 00 00 64 11 5E 00 08 80 00 00 00 00 00 00 00 00 00 00 00 00 00 00 00 00 00 00 00 00 A0 A7 (right flow)
C BB 00 01 03 1D 00 00 64 11 5E 00 00 80 00 00 00 00 00 00 00 00 00 00 00 00 00 00 00 00 00 00 00 00 81 8E (left fix)
C BB 00 01 03 1D 00 00 64 11 5E 00 00 80 00 00 00 00 00 00 00 00 00 00 00 00 00 00 00 00 00 00 00 00 82 8D (a bit left fix)
C BB 00 01 03 1D 00 00 64 11 5E 00 00 80 00 00 00 00 00 00 00 00 00 00 00 00 00 00 00 00 00 00 00 00 83 8C (middle fix)
C BB 00 01 03 1D 00 00 64 11 5E 00 00 80 00 00 00 00 00 00 00 00 00 00 00 00 00 00 00 00 00 00 00 00 84 8B (center right fix)
C BB 00 01 03 1D 00 00 64 11 5E 00 00 80 00 00 00 00 00 00 00 00 00 00 00 00 00 00 00 00 00 00 00 00 85 8A (right fix)

C BB 00 01 03 1D 00 00 E4 11 5E 00 00 80 00 00 00 00 00 00 00 00 00 00 00 00 00 00 00 00 00 00 00 00 80 0F (eco on)
C BB 00 01 03 1D 00 00 64 11 5E 00 00 80 00 00 00 00 00 00 00 00 00 00 00 00 00 00 00 00 00 00 00 00 80 8F (eco off)
C BB 00 01 03 1D 00 00 64 11 5E 00 00 80 00 00 00 00 00 00 01 00 00 00 00 00 00 00 00 00 00 00 00 00 80 8E (sleep standard)
C BB 00 01 03 1D 00 00 64 11 5E 00 00 80 00 00 00 00 00 00 02 00 00 00 00 00 00 00 00 00 00 00 00 00 80 8D (sleep the aged)
C BB 00 01 03 1D 00 00 64 11 5E 00 00 80 00 00 00 00 00 00 03 00 00 00 00 00 00 00 00 00 00 00 00 00 80 8C (sleep child)
C BB 00 01 03 1D 00 00 64 11 5E 00 00 80 00 00 00 00 00 00 00 00 00 00 00 00 00 00 00 00 00 00 00 00 80 8F (sleep off)
C BB 00 01 03 1D 00 00 64 01 5E 00 00 80 00 00 00 00 00 00 00 00 00 00 00 00 00 00 00 00 00 00 00 00 80 9F (health [ionizer/plasma] off)

C BB 00 01 03 1D 00 00 24 01 5E 00 00 80 00 00 00 00 00 00 00 00 00 00 00 00 00 00 00 00 00 00 00 00 80 DF (display off)
C BB 00 01 03 1D 00 00 04 01 5E 00 00 80 00 00 00 00 00 00 00 00 00 00 00 00 00 00 00 00 00 00 00 00 80 FF (beep off)
C BB 00 01 03 1D 00 00 04 01 5E 80 00 80 00 00 00 00 00 00 00 00 00 00 00 00 00 00 00 00 00 00 00 00 80 7F (8ยบ heater [anti-freeze/AH] on)
C BB 00 01 03 1D 00 00 04 01 5D 00 00 80 00 00 00 00 00 00 00 00 00 00 00 00 00 00 00 00 00 00 00 00 80 FC (8ยบ heater [anti-freeze/AH] off)

C BB 00 01 04 02 01 00 BD (status req)
C BB 00 01 04 02 01 00 BD (status req)
C BB 00 01 04 02 01 00 BD (status req)

C BB 00 01 04 02 01 00 BD (extended status req, num1)
C BB 00 01 0A 03 05 00 00 B6 (extended status req, num2)
C BB 00 01 09 02 05 00 B4 (extended status req, num3)
C BB 00 01 0A 03 05 00 08 BE (

A BB 01 00 03 37 04 00 34 81 04 80 00 00 00 00 00 00 69 23 88 00 00 00 00 00 00 00 00 00 00 7F FF 40 00 55 1F 1D 35 51 12 CA 00 00 00 00 F1 01 00 00 44 40 00 00 00 00 1A 00 00 00 00 BC (temp set response, unknown temp)
C BB 01 00 04 37 04 00 34 81 04 80 00 00 00 00 00 00 69 23 88 00 00 00 00 00 00 00 00 00 00 7F FF 40 00 55 1F 1D 35 52 12 CA 00 00 00 00 F1 01 00 00 44 40 00 00 00 00 1A 00 00 00 00 B8 (status response)

A BB 01 00 03 37 04 00 34 81 00 80 00 00 00 00 00 00 64 03 88 00 00 00 00 00 00 00 00 00 00 7D FF 40 00 55 1F 18 34 51 18 CA 00 00 00 00 F0 01 00 00 44 40 00 00 00 00 1A 00 00 00 00 98 (fan set auto, 63deg)

A BB 01 00 03 37 04 00 14 81 00 80 00 00 00 00 00 00 66 0B 88 00 00 00 00 00 00 00 00 00 00 82 FF 40 00 55 21 1B 35 51 19 CA 00 00 00 00 F0 02 00 00 44 40 00 00 00 00 1A 00 00 00 00 73 (display off)
A BB 01 00 03 37 04 00 14 81 00 80 00 00 00 00 00 00 66 0B 88 00 00 00 00 00 00 00 00 00 00 82 FF 40 00 55 21 1B 35 51 18 CA 00 00 00 00 F1 01 00 00 44 40 00 00 00 00 1A 00 00 00 00 70 (buzzer off)


A BB 01 00 04 37 04 00 34 81 04 80 00 00 00 00 00 00 66 2B 88 00 00 00 00 00 00 00 00 00 00 66 FF 40 00 00 21 23 2A 00 00 C0 00 00 00 00 F3 00 00 00 44 40 00 00 00 00 1A 00 00 00 00 A5 (early reply, warmer?)
A BB 01 00 04 37 04 00 34 81 04 80 00 00 00 00 00 00 66 2B 88 00 00 00 00 00 00 00 00 00 00 66 FF 40 00 00 21 22 2A 00 00 C0 00 00 00 00 F1 00 00 00 44 40 00 00 00 00 1A 00 00 00 00 A6 (late reply, cooler?)
A BB 01 00 04 37 04 00 34 81 04 80 00 00 00 00 00 00 66 2B 88 00 00 00 00 00 00 00 00 00 00 66 FF 40 00 00 21 23 2A 00 00 C0 00 00 00 00 F3 00 00 00 44 40 00 00 00 00 1A 00 00 00 00 A5 (low fan)
A BB 01 00 04 37 04 00 34 91 04 80 00 00 00 00 00 00 66 2B 88 00 00 00 00 00 00 00 00 00 00 66 FF 40 00 00 21 22 29 00 00 C0 00 00 00 00 F2 00 00 00 44 40 00 00 00 00 1A 00 00 00 00 B6 (low fan)
A BB 01 00 04 37 04 00 34 91 04 80 00 00 00 00 00 00 66 2B 88 00 00 00 00 00 00 00 00 00 00 66 FF 40 00 00 21 22 29 00 00 C0 00 00 00 00 F1 00 00 00 44 40 00 00 00 00 1A 00 00 00 00 B5 (low fan)
A BB 01 00 04 37 04 00 34 91 04 80 00 00 00 00 00 00 66 2B 88 00 00 00 00 00 00 00 00 00 00 66 FF 40 00 00 21 22 29 00 00 C0 00 00 00 00 F1 00 00 00 44 40 00 00 00 00 1A 00 00 00 00 B5 (low fan)
A BB 01 00 04 37 04 00 34 91 04 80 00 00 00 00 00 00 66 2B 88 00 00 00 00 00 00 00 00 00 00 66 FF 40 00 00 21 22 29 00 00 C0 00 00 00 00 F2 00 00 00 44 40 00 00 00 00 1A 00 00 00 00 B6 (low fan)
A BB 01 00 04 37 04 00 34 91 04 80 00 00 00 00 00 00 66 2B 88 00 00 00 00 00 00 00 00 00 00 66 FF 40 00 00 21 22 29 00 00 C0 00 00 00 00 F2 00 00 00 44 40 00 00 00 00 1A 00 00 00 00 B6 (low fan)
A BB 01 00 03 37 04 00 34 81 04 80 00 00 00 00 00 00 66 0B 88 00 00 00 00 00 00 00 00 00 00 69 FF 40 00 00 21 22 29 00 00 C0 00 00 00 00 F1 00 00 00 44 40 00 00 00 00 1A 00 00 00 00 8D (fan auto)
A BB 01 00 03 37 04 00 34 91 00 80 00 00 00 00 00 00 64 23 88 00 00 00 00 00 00 00 00 00 00 7F FF 40 80 55 1F 18 34 51 18 CA 00 00 00 00 F0 01 00 00 44 40 00 00 00 00 1A 00 00 00 00 2A (fan mute)
A BB 01 00 03 37 04 00 34 91 00 80 00 00 00 00 00 00 64 23 88 00 00 00 00 00 00 00 00 00 00 7F FF 40 00 62 1F 18 34 51 18 CA 00 00 00 00 F0 01 00 00 44 40 00 00 00 00 1A 00 00 00 00 9D (fan low)
A BB 01 00 03 37 04 00 34 C1 00 80 00 00 00 00 00 00 64 23 88 00 00 00 00 00 00 00 00 00 00 7F FF 40 00 62 1F 18 34 51 18 CA 00 00 00 00 F0 01 00 00 44 40 00 00 00 00 1A 00 00 00 00 CD (fan mid-low)
A BB 01 00 03 37 04 00 34 A1 00 80 00 00 00 00 00 00 64 23 88 00 00 00 00 00 00 00 00 00 00 7F FF 40 00 6D 1F 18 34 51 18 CA 00 00 00 00 F0 01 00 00 44 40 00 00 00 00 1A 00 00 00 00 A2 (fan med)
A BB 01 00 03 37 04 00 34 D1 00 80 00 00 00 00 00 00 64 23 88 00 00 00 00 00 00 00 00 00 00 7F FF 40 00 62 1F 18 34 51 18 CA 00 00 00 00 F0 01 00 00 44 40 00 00 00 00 1A 00 00 00 00 DD (fan mid-high)
A BB 01 00 03 37 04 00 34 B1 00 80 00 00 00 00 00 00 64 23 88 00 00 00 00 00 00 00 00 00 00 7F FF 40 00 55 1F 18 34 51 18 CA 00 00 00 00 F0 01 00 00 44 40 00 00 00 00 1A 00 00 00 00 8A (fan high)
A BB 01 00 03 37 04 00 B4 B1 00 80 00 00 00 00 00 00 64 23 88 00 00 00 00 00 00 00 00 00 00 7F FF 40 00 55 20 19 34 51 18 CA 00 00 00 00 EF 01 00 00 44 40 00 00 00 00 1A 00 00 00 00 2B (fan strong)

A BB 01 00 03 37 04 00 35 83 00 80 00 00 00 00 00 00 64 23 88 00 00 00 00 00 00 00 00 00 00 84 FF 40 00 46 20 19 35 51 18 CA 00 00 00 00 EF 01 00 00 44 40 00 00 00 00 1A 00 00 00 00 71 (mode auto)
A BB 01 00 03 37 04 00 34 81 00 80 00 00 00 00 00 00 64 23 88 00 00 00 00 00 00 00 00 00 00 84 FF 40 00 46 20 1A 35 51 18 CA 00 00 00 00 EF 01 00 00 44 40 00 00 00 00 1A 00 00 00 00 71 (mode heat)
A BB 01 00 03 37 04 00 31 81 00 80 00 00 00 00 00 00 66 0B 88 00 00 00 00 00 00 00 00 00 00 69 FF 40 00 00 21 21 28 00 00 C0 00 00 00 00 F1 00 00 00 44 40 00 00 00 00 1A 00 00 00 00 8E (mode cool)
A BB 01 00 03 37 04 00 33 82 00 80 00 00 00 00 00 00 64 23 88 00 00 00 00 00 00 00 00 00 00 84 FF 40 00 55 20 19 35 51 18 CA 00 00 00 00 EF 01 00 00 44 40 00 00 00 00 1A 00 00 00 00 65 (mode dehumidify)
A BB 01 00 03 37 04 00 32 BA 00 80 00 00 00 00 00 00 64 23 88 00 00 00 00 00 00 00 00 00 00 84 FF 40 00 46 20 19 35 51 18 CA 00 00 00 00 EF 01 00 00 44 40 00 00 00 00 1A 00 00 00 00 4F (mode fan)
A BB 01 00 04 37 04 00 34 91 04 80 00 00 00 00 00 00 66 0B 88 00 00 00 00 00 00 00 00 00 00 69 FF 40 00 00 21 21 28 00 00 C0 00 00 00 00 F1 00 00 00 44 40 00 00 00 00 1A 00 00 00 00 98 (query before cool)
A BB 01 00 03 37 04 00 34 91 00 80 00 00 00 00 00 00 66 0B 88 00 00 00 00 00 00 00 00 00 00 69 FF 40 00 00 21 21 28 00 00 C0 00 00 00 00 F1 00 00 00 44 40 00 00 00 00 1A 00 00 00 00 9B (response after heat)
A BB 01 00 04 37 04 00 34 91 00 80 00 00 00 00 00 00 64 23 88 00 00 00 00 00 00 00 00 00 00 84 FF 40 00 55 20 1B 35 51 18 CA 00 00 00 00 ED 01 00 00 44 40 00 00 00 00 1A 00 00 00 00 76 (fan just ramped up, still "low")

A BB 01 00 03 37 04 00 24 91 00 80 00 00 00 00 00 00 69 23 88 00 00 00 00 00 00 00 00 00 00 7F FF 40 00 55 20 1D 35 52 12 CA 00 00 00 00 ED 01 00 00 44 40 00 00 00 00 1A 00 00 00 00 98 (power off)
A BB 01 00 04 37 04 00 24 91 00 80 00 00 00 00 00 00 69 23 88 00 00 00 00 00 00 00 00 00 00 7F FF 40 00 55 20 1D 35 51 12 CA 00 00 00 00 ED 00 00 00 44 40 00 00 00 00 1A 00 00 00 00 9D (power still off, first query)
A BB 01 00 04 37 04 00 24 91 00 80 00 00 00 00 00 00 69 23 88 00 00 00 00 00 00 00 00 00 00 7F FF 40 00 3C 20 1E 35 51 00 C0 00 00 00 00 EE 00 00 00 44 40 00 00 00 00 1A 00 00 00 00 EC (power still off, later query)
A BB 01 00 03 37 04 00 34 91 00 80 00 00 00 00 00 00 69 03 88 00 00 00 00 00 00 00 00 00 00 7D FF 40 00 3C 20 1E 35 51 00 C0 00 00 00 00 EE 00 00 00 44 40 00 00 00 00 1A 00 00 00 00 D9 (power on to heat)
A BB 01 00 04 37 04 00 34 91 00 80 00 00 00 00 00 00 69 03 88 00 00 00 00 00 00 00 00 00 00 7D FF 40 00 3C 20 1F 35 51 00 C0 00 00 00 00 EE 00 00 00 44 40 00 00 00 00 1A 00 00 00 00 DF (first query after power on)

A BB 01 00 03 37 04 00 34 81 00 C0 00 00 00 00 00 00 69 23 88 00 00 00 00 00 00 00 00 00 00 7F FF 40 00 3C 1F 1E 36 42 00 C0 00 00 00 00 F1 00 00 00 44 40 08 00 00 00 1A 00 00 00 00 93 (flow up-down)
A BB 01 00 03 37 04 00 34 81 00 C0 00 00 00 00 00 00 69 23 88 00 00 00 00 00 00 00 00 00 00 7F FF 40 00 3C 1F 1E 36 41 00 C0 00 00 00 00 F1 00 00 00 44 40 10 00 00 00 1A 00 00 00 00 88 (flow up)
A BB 01 00 03 37 04 00 34 81 00 C0 00 00 00 00 00 00 69 23 88 00 00 00 00 00 00 00 00 00 00 7F FF 40 00 3C 1F 1E 35 41 00 C0 00 00 00 00 F2 00 00 00 44 40 18 00 00 00 1A 00 00 00 00 80 (flow down)
A BB 01 00 03 37 04 00 34 81 00 80 00 00 00 00 00 00 69 23 88 00 00 00 00 00 00 00 00 00 00 7F FF 40 00 3C 1F 1E 35 41 00 C0 00 00 00 00 F2 00 00 00 44 40 01 00 00 00 1A 00 00 00 00 D9 (top fix)
A BB 01 00 03 37 04 00 34 81 00 80 00 00 00 00 00 00 69 23 88 00 00 00 00 00 00 00 00 00 00 7F FF 40 00 3C 1F 1F 35 41 00 C0 00 00 00 00 F2 00 00 00 44 40 02 00 00 00 1A 00 00 00 00 DB (upper fix)
A BB 01 00 03 37 04 00 34 81 00 80 00 00 00 00 00 00 69 23 88 00 00 00 00 00 00 00 00 00 00 7F FF 40 00 3C 1F 1F 35 00 00 C0 00 00 00 00 F2 00 00 00 44 40 03 00 00 00 1A 00 00 00 00 9B (middle fix)
A BB 01 00 03 37 04 00 34 81 00 80 00 00 00 00 00 00 69 03 88 00 00 00 00 00 00 00 00 00 00 7D FF 40 00 3C 1F 1F 35 00 00 C0 00 00 00 00 F2 00 00 00 44 40 04 00 00 00 1A 00 00 00 00 BE (lower fix)
A BB 01 00 03 37 04 00 34 81 00 80 00 00 00 00 00 00 69 03 88 00 00 00 00 00 00 00 00 00 00 7D FF 40 00 3C 1F 1F 35 00 00 C0 00 00 00 00 F2 00 00 00 44 40 05 00 00 00 1A 00 00 00 00 BF (bottom fix)

A BB 01 00 03 37 04 00 34 81 04 A0 00 00 00 00 00 00 64 03 88 00 00 00 00 00 00 00 00 00 00 69 FF 40 00 3C 23 25 30 00 00 C0 00 00 00 00 F2 00 00 00 44 40 00 18 00 00 1A 00 00 00 00 9C (middle-right-left flow)
A BB 01 00 03 37 04 00 34 81 04 A0 00 00 00 00 00 00 64 03 88 00 00 00 00 00 00 00 00 00 00 69 FF 40 00 3C 23 25 30 00 00 C0 00 00 00 00 F2 00 00 00 44 40 00 20 00 00 1A 00 00 00 00 A4 (right flow)
A BB 01 00 03 37 04 00 34 81 04 80 00 00 00 00 00 00 64 03 88 00 00 00 00 00 00 00 00 00 00 69 FF 40 00 3C 23 25 30 00 00 C0 00 00 00 00 F2 00 00 00 44 40 00 01 00 00 1A 00 00 00 00 A5 (left fix)


A BB 01 00 03 37 04 00 74 81 04 80 00 00 00 00 00 00 69 03 88 00 00 00 00 00 00 00 00 00 00 82 FF 40 00 55 1F 1D 35 51 12 CA 00 00 00 00 F1 01 00 00 44 40 00 00 00 00 1A 00 00 00 00 21 (eco on)
A BB 01 00 03 37 04 00 34 81 04 80 00 00 00 00 00 00 69 03 88 00 00 00 00 00 00 00 00 00 00 82 FF 40 00 55 1F 1D 35 51 12 CA 00 00 00 00 F1 01 00 00 44 40 00 00 00 00 1A 00 00 00 00 61 (eco off)
A BB 01 00 03 37 04 00 34 81 00 80 00 00 00 00 00 00 69 23 88 00 00 00 00 00 00 00 00 00 00 7F FF 40 00 55 1F 1D 35 51 12 CA 00 00 00 00 F1 01 00 00 44 40 00 00 00 00 1A 00 00 00 00 B8 (health off)

A BB 01 00 03 37 04 00 34 81 04 80 00 00 00 00 00 00 69 03 89 00 00 00 00 00 00 00 00 00 00 82 FF 40 00 55 1F 1D 35 51 12 CA 00 00 00 00 F1 01 00 00 44 40 00 00 00 00 1A 00 00 00 00 60 (sleep standard)
A BB 01 00 03 37 04 00 34 81 04 80 00 00 00 00 00 00 69 23 8A 00 00 00 00 00 00 00 00 00 00 7F FF 40 00 55 1F 1D 35 51 12 CA 00 00 00 00 F1 01 00 00 44 40 00 00 00 00 1A 00 00 00 00 BE (sleep aged)
A BB 01 00 03 37 04 00 34 81 04 80 00 00 00 00 00 00 69 23 8B 00 00 00 00 00 00 00 00 00 00 7F FF 40 00 55 1F 1D 35 51 12 CA 00 00 00 00 F1 01 00 00 44 40 00 00 00 00 1A 00 00 00 00 BF (sleep child)

A BB 01 00 03 37 04 00 14 91 00 80 00 00 00 00 00 00 69 23 88 00 00 00 00 00 00 00 00 00 00 84 FF 40 00 55 1F 1D 37 51 18 CA 00 00 00 00 EE 01 00 00 44 40 00 00 00 00 1A 00 00 00 00 64 (display off)
A BB 01 00 03 37 04 00 34 91 00 80 00 00 00 00 00 00 69 23 88 00 00 00 00 00 00 00 00 00 00 84 FF 40 00 55 1F 1D 37 51 18 CA 00 00 00 00 EE 01 00 00 44 40 00 00 00 00 1A 00 00 00 00 44 (display on)
A BB 01 00 03 37 04 00 14 91 00 80 00 00 00 00 00 00 69 23 88 00 00 00 00 00 00 00 00 00 00 84 FF 40 00 55 1F 1D 37 51 18 CA 00 00 00 00 EE 01 00 00 44 40 00 00 00 00 1A 00 00 00 00 64 (display off)
A BB 01 00 03 37 04 00 34 91 00 80 00 00 00 00 00 00 69 23 88 00 00 00 00 00 00 00 00 00 00 84 FF 40 00 55 1F 1D 37 51 18 CA 00 00 00 00 EE 01 00 00 44 40 00 00 00 00 1A 00 00 00 00 44 (display on)
A BB 01 00 03 37 04 00 34 91 00 80 00 00 00 00 00 00 69 23 88 00 00 00 00 00 00 00 00 00 00 84 FF 40 00 55 1F 1D 37 51 18 CA 00 00 00 00 EE 01 00 00 44 40 00 00 00 00 1A 00 00 00 00 44 (beep off)
A BB 01 00 03 37 04 00 34 91 00 80 00 00 00 00 00 00 69 23 88 00 00 00 00 00 00 00 00 00 00 84 FF 40 00 55 1F 1D 37 51 18 CA 00 00 00 00 EE 01 00 00 44 40 00 00 00 00 1A 00 00 00 00 44 (beep on)
A BB 01 00 03 37 04 00 34 91 00 80 00 00 00 00 00 00 69 23 88 00 00 00 00 00 00 00 00 00 00 84 FF 40 00 55 1F 1D 37 51 18 CA 00 00 00 00 EE 01 00 00 44 40 00 00 00 00 1A 00 00 00 00 44 (beep off)
A BB 01 00 03 37 04 00 34 91 00 80 00 00 00 00 00 00 69 23 88 00 00 00 00 00 00 00 00 00 00 84 FF 40 00 55 1F 1D 37 52 18 CA 00 00 00 00 EE 01 00 00 44 40 00 00 00 00 1A 00 00 00 00 47 (beep on)
A BB 01 00 04 37 04 00 34 91 00 80 00 00 00 00 00 00 6B 0B 88 00 00 00 00 00 00 00 00 00 00 82 FF 40 00 3C 1F 1F 36 00 00 C0 00 00 00 00 EF 00 00 00 44 40 00 00 00 00 1A 00 00 00 00 46 (fan slowed down)

A BB 01 00 03 37 04 00 34 91 00 80 00 00 00 00 00 00 69 23 88 00 00 00 00 00 00 00 00 00 00 6B FF 40 00 3C 21 27 35 00 00 C0 00 00 00 00 EF 00 00 00 44 40 00 00 00 00 1A 00 00 00 00 87 (beep off)
A BB 01 00 03 37 04 00 34 91 00 80 00 00 00 00 00 00 69 23 88 00 00 00 00 00 00 00 00 00 00 6B FF 40 00 3C 21 27 35 00 00 C0 00 00 00 00 EF 00 00 00 44 40 00 00 00 00 1A 00 00 00 00 87 (beep on)
A BB 01 00 03 37 04 00 34 91 00 80 00 00 00 00 00 00 69 03 88 00 00 00 00 00 00 00 00 00 00 69 FF 40 00 3C 21 27 35 00 00 C0 00 00 00 00 EF 00 00 00 44 40 00 00 00 00 1A 00 00 00 00 A5 (beep off)
A BB 01 00 03 37 04 00 34 91 00 80 00 00 00 00 00 00 69 03 88 00 00 00 00 00 00 00 00 00 00 69 FF 40 00 3C 21 28 35 00 00 C0 00 00 00 00 EF 00 00 00 44 40 00 00 00 00 1A 00 00 00 00 AA (beep on)
A BB 01 00 03 37 04 00 34 91 00 80 00 00 00 00 00 00 69 03 88 00 00 00 00 00 00 00 00 00 00 69 FF 40 00 3C 21 28 35 00 00 C0 00 00 00 00 EF 00 00 00 44 40 00 00 00 00 1A 00 00 00 00 AA (beep off)
A BB 01 00 03 37 04 00 34 91 00 80 00 00 00 00 00 00 69 03 88 00 00 00 00 00 00 00 00 00 00 69 FF 40 00 3C 21 28 35 00 00 C0 00 00 00 00 EF 00 00 00 44 40 00 00 00 00 1A 00 00 00 00 AA (beep on)
A BB 01 00 03 37 04 00 34 91 00 80 00 00 00 00 00 00 69 03 88 00 00 00 00 00 00 00 00 00 00 69 FF 40 00 3C 21 28 35 00 00 C0 00 00 00 00 EF 00 00 00 44 40 00 00 00 00 1A 00 00 00 00 AA (beep off)
A BB 01 00 03 37 04 00 34 91 00 80 00 00 00 00 00 00 69 03 88 00 00 00 00 00 00 00 00 00 00 69 FF 40 00 3C 21 28 35 00 00 C0 00 00 00 00 EF 00 00 00 44 40 00 00 00 00 1A 00 00 00 00 AA (beep on)

A BB 01 00 03 37 04 00 14 81 00 80 00 00 00 00 00 00 66 2B 88 00 00 00 00 00 00 00 00 00 00 84 FF C0 00 55 21 1B 36 52 18 CA 00 00 00 00 F1 01 00 00 44 40 00 00 00 00 1A 00 00 00 00 D6 (antifreeze on)
A BB 01 00 03 37 04 00 14 82 00 80 00 00 00 00 00 00 66 2B 88 00 00 00 00 00 00 00 00 00 00 84 FF 40 00 3C 21 1B 36 51 00 C0 00 00 00 00 F2 00 00 00 44 40 00 00 00 00 1A 00 00 00 00 2F (antifreeze off)

A BB 01 00 04 37 04 00 34 81 04 80 00 00 00 00 00 00 64 23 88 00 00 00 00 00 00 00 00 00 00 6B FF 40 00 3C 22 23 30 00 00 80 00 00 00 00 F0 00 00 00 44 40 00 00 00 00 1A 00 00 00 00 C4 (antifreeze off)
A BB 01 00 04 37 04 00 34 82 04 80 00 00 00 00 00 00 64 23 88 00 00 00 00 00 00 00 00 00 00 6B FF C0 00 3C 22 23 30 00 00 80 00 00 00 00 F0 00 00 00 44 40 00 00 00 00 1A 00 00 00 00 47 (antifreeze on)
A BB 01 00 04 37 04 00 34 81 04 80 00 00 00 00 00 00 64 23 88 00 00 00 00 00 00 00 00 00 00 6B FF 40 00 3C 22 23 30 00 00 80 00 00 00 00 F0 00 00 00 44 40 00 00 00 00 1A 00 00 00 00 C4 (antifreeze off)
A BB 01 00 04 37 04 00 34 82 04 80 00 00 00 00 00 00 64 23 88 00 00 00 00 00 00 00 00 00 00 6B FF C0 00 3C 22 23 30 00 00 80 00 00 00 00 F0 00 00 00 44 40 00 00 00 00 1A 00 00 00 00 47 (antifreeze on)

A BB 01 00 04 37 04 00 24 81 00 80 00 00 00 00 00 00 69 23 88 00 00 00 00 00 00 00 00 00 00 7F FF 40 00 00 1F 1F 36 00 00 C0 00 00 00 00 F1 00 00 00 44 40 00 00 00 00 1A 00 00 00 00 B3 (off, shutting down)
A BB 01 00 04 37 04 00 24 81 00 80 00 00 00 00 00 00 69 23 88 00 00 00 00 00 00 00 00 00 00 7A FF 40 00 00 1F 20 35 00 00 C0 00 00 00 00 F1 00 00 00 44 40 00 00 00 00 1A 00 00 00 00 8A (off, grille closing)
A BB 01 00 04 37 04 00 24 81 00 80 00 00 00 00 00 00 69 03 88 00 00 00 00 00 00 00 00 00 00 78 FF 40 00 00 1F 21 35 00 00 C0 00 00 00 00 F1 00 00 00 44 40 00 00 00 00 1A 00 00 00 00 A9 (off, grille closed)
A BB 01 00 04 37 04 00 24 81 00 80 00 00 00 00 00 00 69 23 88 00 00 00 00 00 00 00 00 00 00 75 FF 40 00 00 1F 23 35 00 00 C0 00 00 00 00 F1 00 00 00 44 40 00 00 00 00 1A 00 00 00 00 86 (off, seems fully shut down)
A BB 01 00 04 37 04 00 24 81 00 80 00 00 00 00 00 00 69 03 88 00 00 00 00 00 00 00 00 00 00 6E FF 40 00 00 20 26 35 00 00 C0 00 00 00 00 F1 00 00 00 44 40 00 00 00 00 1A 00 00 00 00 87 (off, a little later)
A BB 01 00 04 37 04 00 24 81 00 80 00 00 00 00 00 00 69 23 88 00 00 00 00 00 00 00 00 00 00 6B FF 40 00 00 20 27 35 00 00 C0 00 00 00 00 F0 00 00 00 44 40 00 00 00 00 1A 00 00 00 00 A2 (off, later still)
A BB 01 00 04 37 04 00 24 81 00 80 00 00 00 00 00 00 5F 03 08 00 00 00 00 00 00 00 00 00 00 5F FF 40 00 00 21 21 24 00 00 80 00 00 00 00 ED 00 00 00 44 40 00 00 00 00 1A 00 00 00 00 4B (off, next day)
A BB 01 00 04 37 04 00 24 81 00 80 00 00 00 00 00 00 5F 03 08 00 00 00 00 00 00 00 00 00 00 5F FF 40 00 00 21 21 24 00 00 80 00 00 00 00 ED 00 00 00 44 40 00 00 00 00 1A 00 00 00 00 4B (off, next day + 5 sec)
A BB 01 00 04 37 04 00 24 81 00 80 00 00 00 00 00 00 5F 03 08 00 00 00 00 00 00 00 00 00 00 5F FF 40 00 00 21 21 24 00 00 80 00 00 00 00 EE 00 00 00 44 40 00 00 00 00 1A 00 00 00 00 48 (off, next day + 10 sec)

A BB 01 00 03 37 04 00 24 81 00 80 00 00 00 00 00 00 5F 03 08 00 00 00 00 00 00 00 00 00 00 5F FF 40 00 00 21 21 24 00 00 80 00 00 00 00 EE 00 00 00 44 40 00 00 00 00 1A 00 00 00 00 4F (off, next day, beep off)
A BB 01 00 03 37 04 00 24 81 00 80 00 00 00 00 00 00 5F 03 08 00 00 00 00 00 00 00 00 00 00 5F FF 40 00 00 21 21 24 00 00 80 00 00 00 00 EE 00 00 00 44 40 00 00 00 00 1A 00 00 00 00 4F (off, next day, beep on)
A BB 01 00 03 37 04 00 24 81 00 80 00 00 00 00 00 00 5F 03 08 00 00 00 00 00 00 00 00 00 00 5F FF 40 00 00 21 21 24 00 00 80 00 00 00 00 EE 00 00 00 44 40 00 00 00 00 1A 00 00 00 00 4F (off, next day, beep off)
A BB 01 00 03 37 04 00 24 81 00 80 00 00 00 00 00 00 5F 03 08 00 00 00 00 00 00 00 00 00 00 5F FF 40 00 00 21 21 24 00 00 80 00 00 00 00 EE 00 00 00 44 40 00 00 00 00 1A 00 00 00 00 4F (off, next day, beep on)
A BB 01 00 04 37 04 00 24 81 00 80 00 00 00 00 00 00 5F 03 08 00 00 00 00 00 00 00 00 00 00 5F FF 40 00 00 20 21 24 00 00 80 00 00 00 00 EE 00 00 00 44 40 00 00 00 00 1A 00 00 00 00 49 (off, next day)
A BB 01 00 04 37 04 00 24 81 00 80 00 00 00 00 00 00 5F 03 08 00 00 00 00 00 00 00 00 00 00 5F FF 40 00 00 20 21 24 00 00 80 00 00 00 00 EE 00 00 00 44 40 00 00 00 00 1A 00 00 00 00 49 (off, next day)
A BB 01 00 04 37 04 00 24 81 00 80 00 00 00 00 00 00 5F 03 08 00 00 00 00 00 00 00 00 00 00 5F FF 40 00 00 20 21 24 00 00 80 00 00 00 00 EE 00 00 00 44 40 00 00 00 00 1A 00 00 00 00 49 (off, next day)
A BB 01 00 04 37 04 00 24 81 00 80 00 00 00 00 00 00 5F 03 08 00 00 00 00 00 00 00 00 00 00 5F FF 40 00 00 20 21 24 00 00 80 00 00 00 00 EF 00 00 00 44 40 00 00 00 00 1A 00 00 00 00 48 (off, next day)
A BB 01 00 04 37 04 00 24 81 00 80 00 00 00 00 00 00 5F 03 08 00 00 00 00 00 00 00 00 00 00 5F FF 40 00 00 20 20 24 00 00 80 00 00 00 00 EF 00 00 00 44 40 00 00 00 00 1A 00 00 00 00 49 (off, next day)
A bb 01 00 04 37 04 00 24 81 00 80 00 00 00 00 00 00 5f 03 08 00 00 00 00 00 00 00 00 00 00 5f ff 40 00 00 1f 1f 23 00 00 80 00 00 00 00 f2 00 00 00 44 40 00 00 00 00 1a 00 00 00 00 53 (off, next day)
